1696.72 5874.58
1728.31 19765.7
1872.39 6114.74
1713.16 6050.43
1724.3 6453.58
2036.49 5869.41
1623.72 5924.3
2961.99 6788.27
1703.57 5873.94
1835.02 6419.02
2390.4 6727.1
1722.16 6022.23
2431.92 7650.75
1722.12 6314.01
1986.15 6209.15
295.848 7750.79
1763.04 6965.97
2005.35 6345.77
2283.76 7076.37
1674.01 6246.36
380.203 7342.22
1966.96 6435.58
1793.01 6476.22
1685.06 6286.04
2508.55 6572.27
2372.38 6455.77
1758.28 7171.28
1801.22 7334.01
1882.16 6808.55
1688.28 6774.43
943.821 7845.79
1941.02 6927.11
1804.54 6701.81
2520.04 7051.38
1915.52 6578.83
1993.83 6366.47
1785.7 6015.7
1837.06 6396.94
1842.08 6441.07
1951.79 6451.67
771.524 6932.91
1903.97 6384.53
3358.33 6219.61
2312.28 6672.05
799.054 6982.78
2658.77 6283.27
1844.65 6159.35
763.119 6545.17
1766.51 6723.59
3223.85 6154.74
1878.39 6392.46
1740.76 5839.64
1980.05 6267.73
1835.51 6143.65
1716.96 5848.38
1854.77 6113.33
1746.2 6381.5
1661.16 7764.27
1796.28 7319.54
1790.55 6825.42
1885.61 7349.36
1799.78 6295.7
1733.61 6420.83
1752.03 6900.95
665.35 6498.35
1772 6564.46
1845.38 6901.22
1492.56 6598.38
1946.67 7473.82
2326.62 6576.11
1840.98 6540.61
1746.08 6997.85
1714.55 6054.4
2002.69 6268.22
1743.17 6456.21
1725.37 5782.04
1027.22 7368.59
1700.59 7204.82
1719.77 6287.59
1693.09 6380.47
1975.96 6317.91
1723.34 5916.12
1872.2 6155.5
1776.28 6227.97
1886.01 6161.18
1741.52 6070.81
2291.83 6693.7
1846.21 6606.95
1714.91 5976.58
1779.95 5988.97
1736.7 6208.73
1766.09 6041.28
1977.46 5941.96
1960.6 6220.56
1968.91 6184.69
623.08 6436.51
776.024 6405.32
2456.43 6293.54
1741.14 6128.24
1872.96 6116.99

1805.65 6638.43
