234.221 16251.1
234.951 15653.9
270.93 14580.5
355.681 15533.5
215.504 15567.1
239.919 15389.3
253.598 16442.2
404.688 17758
347.03 17683.8
303.268 15646.9
444.953 19636.7
463.406 19040.6
315.289 15716
259.377 15827.4
306.857 16281.9
310.076 15426.4
325.289 16520
335.731 15461.5
309.96 17887.2
248.159 16129.7
493.067 17460
272.232 15595.1
288.879 14803.2
226.931 16365.3
328.543 16048
357.471 17502
264.519 15883.2
294.898 15199.4
335.137 16947.3
234.567 15917
353.291 18486.3
274.038 14830.3
259.971 16308.4
292.927 15244.5
284.229 15764.4
280.697 16165.4
237.805 15043
254.76 15647.8
289.003 14491
226.271 15501.7
347.292 15731
231.299 15758.8
233.176 14990.1
297.942 14467
216.175 14596.4
227.437 15644.4
351.243 14874.7
250.15 15440.8
313.165 18105.4
392.194 16736.8
240.998 16121.9
234.184 15574.1
312.036 15272.3
255.07 17157
253.425 15230.2
247.325 16819.4
352.027 14395.1
223.707 14680.9
212.739 14653.4
232.337 14733.4
277.191 16814.8
294.82 15009.4
228.477 15122.7
230.336 15296.4
213.204 14287.8
259.645 14472.7
283.571 15179.7
235.511 14579.7
217.413 14638.6
236.021 15033.8
332.942 15809.7
249.091 14969.1
223.348 15020.2
265.4 15039
293.641 15257.4
237.768 15891.1
231.736 15679
249.354 14986
339.841 17330.7
245.274 16352.8
234.426 15265.9
245.629 14424.2
272.878 14973.9
222.477 15171.5
221.647 14562.2
245.559 15100.6
318.121 16030
230.83 14659.5
237.03 14972.7
245.31 15110.2
273.608 14234.7
250.782 15158.4
204.875 14096.9
237.531 14938.4
233.13 15297.8
301.526 15026.9
255.135 15158
239.411 16068.3
238.157 15741.2
232.319 15062.7

275.37 15664.4
