2224.97 10618.5
2333.02 10793.5
2120.19 10280
2066.79 10504.9
2167.01 11291.4
1995.89 11099.7
2347.32 11403.4
1963.62 11740.4
2026.28 11139.6
1471.86 11539.8
1985.34 12240.1
236.078 11278.3
2120.82 11139.4
1990.67 11402.9
2028.19 11292.2
1185.86 15156.9
1995.38 12898.7
2185.83 12180.3
2042.91 12450.7
2336.73 13190.1
209.604 12071.3
1054.85 11982.6
1961.05 11381.5
2192.49 11310.1
1910.42 11861.6
2098.83 11202
2017.06 11330.8
1995.57 12014.5
407.738 11253.5
1498.79 11057.1
2038.1 11385.7
851.521 11472.9
311.292 10321.3
2096.37 11433.7
2067.82 11770.1
2022.61 11097
2134.82 10862.1
1243.26 11304
2067.15 10999.9
1903.73 11304.2
1912.65 11062.2
2253.56 10819.4
2012.67 11074.3
2073.27 10649.5
1924.83 11264.7
239.349 11961
1173.15 10857.2
2061.24 11178.7
1899.58 10571.2
1901.96 10732.2
2058.81 11377.2
1896.39 11027.4
2026.07 10895.8
2124.62 11014.5
1995.97 10760.1
1919.53 11094.6
1862.99 11150.1
318.127 11282.7
2139.79 10430.3
2070.86 11049.3
1959.32 11279.1
1896.08 10577.9
1923.43 11198.9
1600.75 10871.4
914.438 10847.8
1957.83 10842.8
2213.42 10614.7
2167.89 11224.6
1894.61 11282.1
1900.75 10663.3
2042.76 10937.7
1862.63 11219
1122.85 11472.9
1891.11 10937.5
1875.87 10462
1956.79 10390.1
1959.2 11025.7
1098.99 11072.1
1857.63 10876.7
1946.19 10684.7
1697.38 10374.2
1066.22 11178.4
2157.5 10992
1945.4 10775
1963.83 11057.4
2051.03 10335
1298.6 10434.1
1137.8 10752.1
1980.15 11035.5
1836.72 10858.3
1836.83 10824.5
2126.67 10622.2
1867.83 10913.6
1652.74 10860.7
1836.11 10736
966.938 11070.2
1853.31 11014.2
2267.52 10596.9
1955.5 11363.3
1821.3 10980.3

1781.35 11165.6
