74.0114 4385.4
66.6283 3448.53
129.83 4454.45
57.058 4281.85
67.805 4293.52
67.1609 3984.37
123.664 4327
51.7212 3724.51
128.765 4681.31
90.7291 4106.77
78.7507 3796.52
80.4414 4613.25
80.7416 3875.6
105.76 4520.69
112.771 4464.83
62.8664 4169.43
74.2813 3894.22
82.1155 4359.72
62.7665 3952.47
54.875 3874.5
50.0795 4242.11
49.9049 3652.63
104.399 4163.57
62.0896 4212.51
61.1936 4255.8
62.0794 4255.25
50.1967 3283.42
50.499 3771.75
80.3454 4294.64
75.0118 4287.71
50.8873 3347.55
58.2206 3502.02
56.9247 4074.85
53.5136 3246.74
60.2318 4062.91
109.034 4528.14
57.039 4052.26
47.2741 4212.56
59.0273 4182.68
62.9206 4149.11
46.0341 4061.27
54.2094 3555.47
49.1225 4303.89
89.9385 4137.02
76.7087 4265.54
53.0569 3806.2
54.9545 4423.97
91.407 4207.39
70.7827 4226.89
61.2805 4054.98
105.125 4197.39
68.6369 4069.06
55.6164 4019.1
111.304 4306.93
54.8216 4032.64
60.2023 3846.49
75.684 4359.46
78.7169 4623.61
63.1991 4278.8
504.867 4178.86
83.5002 4721.28
96.2679 3970.56
60.4911 4178.33
489.149 4316.82
68.8053 4141.43
52.6118 3890.58
52.2509 4083.65
86.4805 4269.19
515.22 4311.94
65.9975 4106.59
90.1778 4452.78
65.1109 4631.9
87.4869 4231.15
56.8514 4437.9
74.8891 4226.74
63.8345 4034.57
49.5921 3633.97
71.7006 4345.67
204.048 4748.42
69.9597 4357.46
79.3377 4608.63
102.485 4356.04
468.105 4287.33
53.3119 4342.9
53.5174 3939.07
51.5468 3665.04
52.4468 3667.15
60.2962 4318.08
66.9538 4509.07
57.8505 3610.19
80.7423 4592.67
70.2414 4398.97
54.9694 4251.36
52.7253 4491.57
62.0454 4258.16
100.076 4459.84
76.111 4046.93
62.4523 4254.28
102.213 4375.03
116.2 4932.82

89.6733 4163.98
