213.203 9717.87
172.839 7844.56
181.146 10073.7
261.886 11348.8
223.582 11680.3
233.514 8568.33
255.906 10424.2
270.126 10283.4
248.354 10583.5
217.963 9701.23
207.418 10259
212.45 8837.87
217.691 8593.68
176.464 9785.28
163.221 8766.75
220.71 8498.27
163.744 8923.37
209.576 10379
226.639 9209.47
210.185 10123.9
246.66 9943.63
183.531 8058.18
146.65 7481.82
151.051 8216.01
205.618 9676.04
207.286 9810.14
178.381 9430.19
269.326 10733.7
226.666 10041.8
310.179 9945.43
206.566 9995.56
161.977 8945.96
164.494 10404.6
239.812 9866.52
217.81 10364.7
180.539 9333.18
273.435 9602.51
190.76 9800.7
186.679 10383.7
249.154 9565.14
182.065 8856.02
200.443 10029.7
214.22 8911.2
198.211 9856.2
216.947 9926.23
210.083 8799.83
167.479 9255.27
160.109 8079.87
171.62 8042.38
279.641 9425.02
150.408 9973.35
187.435 9924.93
226.036 8682.96
174.534 8399.42
175.75 9755.33
191.607 9713.17
221.789 8714.75
207.748 9516.32
192.202 9569.47
214.732 10105.5
276.96 9855.29
184.65 9498.14
162.747 8330.73
212.688 10914.2
256.924 10083.8
182.157 9199.33
172.595 8219.68
184.376 7680.88
208.124 8772.42
210.734 9270.33
148.589 9925.32
200.362 9858.45
177.75 9087.27
215.982 8771.43
161.094 8507.33
209.294 9616.03
211.712 10221.9
169.38 8443.33
216.247 9876.8
203.919 8416.18
174.53 8391.11
201.679 9807.6
176.296 9037.29
196.17 9651.23
238.993 10350.4
214.51 9745.45
223.065 10304.6
184.466 8819.78
167.633 8626.69
192.053 10734.4
173.618 9208.15
165.103 8741.44
178.272 7779.62
207.672 9901.32
180.364 9492.73
173.411 9402.17
279.234 10195.4
205.051 9397.81
171.742 7628.14
166.209 7780

202.626 9402.83
