3.11242 51.3546
2.79355 44.3106
2.86726 43.8318
2.80986 48.7946
2.65325 46.567
2.83969 43.7137
2.75968 43.8051
2.70084 46.5963
2.69066 49.0721
2.81502 44.0865
2.89616 44.0994
2.76813 49.069
2.82186 49.2552
2.8273 49.2
2.88189 49.0774
2.85763 49.2199
2.60497 46.5983
2.78246 48.7283
2.80933 44.0644
2.71055 49.022
2.77385 44.1464
2.76347 43.921
2.8442 43.8783
2.82853 44.131
2.84204 49.1521
2.81062 44.3786
2.71215 54.1704
4.62701 49.8467
2.87199 51.1459
2.77465 46.136
2.75102 51.0741
2.29785 50.805
2.87373 45.5679
2.79688 51.169
2.76895 51.596
2.81013 51.2617
2.84298 46.1176
2.61944 48.8746
2.83636 50.9751
2.74109 51.662
2.85664 51.2715
2.30997 50.8511
2.83456 50.943
2.84762 51.4218
2.79848 46.2875
2.61996 49.0681
10.4121 49.9791
2.81195 50.8619
2.78203 51.5058
2.81784 51.4443
2.88525 51.363
2.79862 45.8822
2.85185 46.0091
57.107 104.245
2.80625 45.6237
2.68893 51.2559
2.70267 45.9945
2.73454 51.7204
2.57555 48.7511
2.80258 45.2854
2.85587 45.7086
2.81464 45.7363
2.69894 45.7296
2.6036 48.1154
2.74003 50.36
2.8014 51.5439
2.88054 45.792
2.79293 45.6987
2.70814 45.7717
2.88313 50.9796
2.61913 48.6451
2.68627 45.2447
2.79362 45.6524
2.78069 45.9626
2.77351 51.0321
2.7804 45.4261
2.69805 46.0646
2.7345 45.3855
2.67213 45.6761
2.77413 51.1844
2.69519 48.7865
2.62798 48.1668
2.7532 45.8637
2.73942 50.9193
2.74987 51.2787
2.73536 51.1236
2.57901 48.5341
2.80064 50.6313
2.7851 46.142
2.72644 59.5482
3.79893 51.0939
2.80752 51.2389
2.79808 46.1473
2.72665 51.1427
2.82633 51.2161
2.63199 48.5014
2.75629 44.0062
2.76816 50.664
2.77889 51.0157
2.66353 51.975

3.41074 48.9394
