10.9621 431.456
20.3591 430.751
14.9328 410.161
20.5293 447.215
11.0543 424.521
12.4042 441.382
19.0473 406.97
10.2818 422.34
21.5914 439.568
8.85651 434.243
8.99938 376.334
16.5796 409.863
10.0949 440.161
15.7397 396.893
12.6832 398.538
10.8361 410.398
25.5741 436.422
10.3375 437.713
20.457 409.034
142.259 435.432
8.84844 399.075
28.5758 437.973
15.2135 380.766
10.7913 436.986
24.0581 430.203
17.157 425.84
57.7763 434.096
23.2077 423.329
10.9671 423.219
31.5301 434.14
11.7477 406.409
27.3595 424.177
23.8944 423.876
17.1634 394.527
22.9328 428.874
13.2748 396.97
13.3045 399.753
13.3729 437.498
12.4612 425.262
19.0553 435.944
15.8049 427.97
15.1208 434.416
29.4841 436.548
8.65833 381.44
11.2929 429.146
8.63359 388.054
22.144 431.985
14.7355 401.647
12.8496 438.964
12.2903 442.268
15.8024 398.942
29.8387 436.065
22.2219 414.522
25.033 426.858
18.2788 398.293
24.1493 434.726
21.5944 416.456
28.9096 443.888
17.9014 432.472
14.4929 427.655
23.744 411.397
20.3667 411.095
20.8833 401.851
14.9933 387.675
20.4604 417.882
13.9774 385.471
15.7748 403.932
24.3619 431.28
13.2784 401.618
12.4821 403.394
10.1763 387.869
16.0716 415.79
10.2772 383.221
20.5428 438.419
24.5842 430.361
21.0879 427.072
25.007 425.661
16.3545 435.022
19.5219 411.303
19.3871 408.401
11.0364 438.456
14.5112 425.318
11.1562 426.726
20.5377 425.798
12.3565 400.797
19.8445 413.797
17.7761 444.41
20.5593 434.82
21.744 425.322
14.6129 382.275
10.7097 428.476
8.98949 425.285
16.132 436.685
19.1246 411.346
16.2268 401.973
20.5337 439.603
10.3598 382.68
19.6742 416.458
21.9768 442.087
48.7449 426.936

19.1545 419.286
