2.76198 65.019
1.53117 70.457
1.71509 74.6483
1.76521 58.341
1.72785 58.2269
1.45106 83.4404
1.47332 73.3673
1.65833 81.6836
1.53721 77.9717
1.47478 67.2516
1.58749 65.4701
1.47136 70.4671
1.6697 72.588
1.68895 62.7518
1.58538 70.3691
1.61484 70.2911
1.46864 76.1025
2.91119 70.6204
1.81187 62.3585
1.65016 74.9412
1.54155 78.8495
1.78931 61.2049
1.71643 65.0847
1.88678 58.5338
1.53298 70.4563
1.65688 68.4889
1.8147 58.2443
1.47476 67.7535
1.53985 78.8178
1.71377 67.8562
1.82042 61.2491
9.52532 58.7385
14.1242 71.3531
23.3181 62.507
5.34005 62.3597
2.387 80.6156
5.3654 57.7454
5.35197 58.4235
5.17394 65.387
5.23176 65.4481
5.14459 85.4339
14.2524 67.0257
5.28803 58.3277
5.27322 58.236
3.5981 65.4197
5.10744 78.2655
5.08786 76.789
5.45244 59.0172
3.5605 78.7269
4.83878 85.0874
6.37974 61.4238
2.5462 78.788
4.9266 62.2989
5.11688 65.362
2.3085 78.5985
5.0016 79.1484
38.017 66.7531
1.68777 58.0975
1.7883 57.4986
1.96474 64.7341
10.6127 63.9656
1.78003 63.1638
4.44338 59.2781
4.23257 63.1494
4.45055 69.5526
2.14336 71.8831
5.34841 63.232
2.9758 96.2778
3.39875 65.7254
1.97367 59.2872
4.39418 59.2968
4.24781 73.9182
1.70869 76.1117
3.50145 90.7069
5.05729 90.5647
5.13211 86.0946
5.18097 78.5004
2.70767 59.4518
5.23118 73.6819
5.23781 63.393
5.05767 85.9397
5.37147 62.1539
3.97145 58.6755
5.09759 58.8739
4.63649 68.9435
2.86697 58.7843
4.86255 62.8903
4.83847 59.0696
4.31249 84.0231
8.79106 75.4899
9.64008 58.2746
6.22483 58.2754
8.50761 78.8843
5.73378 90.5329
9.55455 98.0902
5.7726 77.5532
9.08263 73.6125
6.44815 76.192
9.25948 69.6729
9.24093 70.9056

4.69231 69.6459
