94.8697 4842.06
93.0971 7025.6
241.5 9235.38
130.112 4797.83
92.8416 5277.28
95.1211 6682.74
99.4792 6829.57
165.016 5342.07
99.7853 7845.55
97.8197 7355.32
99.2893 6600.52
170.24 11040.8
156.238 7051.11
133.256 6906.24
188.949 7076.24
165.883 5642.31
108.846 7101.62
139.802 4818.53
127.821 5447.53
115.991 4932.85
91.5124 5371.88
188.131 5428.4
115.902 9704.83
102.038 12209.8
145.039 7372.6
109.998 8609.06
97.4631 5391.75
95.0129 6260.8
99.0567 5609
164.971 12113.1
92.3351 5404.24
93.8861 4978.35
95.0775 10975.2
163.528 5698.67
98.4349 7623.97
101.107 6206.44
98.5666 7606.15
188.931 9686.57
94.6152 7400.48
95.7252 8166.61
181.548 6244.97
101.165 6622.24
106.024 5902.73
110.066 5502.18
132.598 5019.49
204.305 6349.47
103.833 7466.13
104.136 7994.62
103.36 7819.52
110.138 6309.21
226.667 15845.7
96.124 5060.45
106.325 6028
100.008 8741.04
120.746 8471.2
115.781 7081.46
160.157 6679.89
106.771 15415.6
101.437 7583.4
98.4754 5709.59
112.849 7080.5
197.398 5882
97.8386 5611.43
98.5407 7400.26
109.116 11243.4
97.8444 8733.15
118.932 7144.81
145.657 4937.8
95.9761 10405.8
92.6208 5234.56
95.5341 7753.95
196.031 13522.5
91.947 9182.17
96.5448 6955.33
100.884 6194.57
95.9795 5983.74
94.5814 4824.82
148.883 5092.46
93.4616 7508.59
96.6776 5084.91
97.3265 5433.07
106.766 7759.4
115.951 6498.26
115.104 6060.58
108.69 5951.36
131.637 4771.12
204.145 7587.41
135.098 5097.78
101.736 5090.58
109.695 4998.13
95.6243 4897.44
109.207 4987.04
104.034 5893.32
100.082 7066.04
106.121 5400.91
104.972 7996.83
104.679 4894.89
95.7888 7433.38
110.89 7515.78
147.685 7011.96

120.195 7036.38
