188.82 14462.8
176.263 11771.2
182.494 14844.2
154.947 10737
206.044 13424.5
510.769 10956.7
169.782 21418.5
330.477 15047.3
287.045 12889.8
300.289 13562.5
205.498 15105.7
270.888 16490.9
504.849 18830.5
368.934 19986.8
307.96 24851.3
180.645 15389.7
330.897 11319.6
147.133 15756.6
165.229 12861.9
270.245 13708.2
148.05 12706
153.438 13819.6
237.715 12875.6
196.34 12009
144.093 12993.8
159.058 12638.2
231.032 12214.6
182.436 13907.6
170.954 11637.9
154.367 11279.3
162.942 12494.1
232.934 16207.6
197.267 12018.4
141.961 12137.9
169.677 16305.4
197.392 11388.5
208.202 14300.9
201.422 17317.6
166.271 10988.4
202.731 11270
192.098 11614.5
145.054 14792.6
149.868 14170.2
158.275 12883.6
194.712 12736.7
224.394 12234.5
151.263 13090.9
183.685 12915.8
213.083 19207.4
310.848 15923.8
171.285 14870
155.181 11955.8
153.75 24698.2
295.096 13194.6
167.781 11823.8
175.473 12679.4
150.028 10792.1
173.867 10540.8
149.71 11499.5
183.872 14980.1
184.884 13099.5
193.269 11309.9
210.463 14555.1
147.414 13050.9
181.582 11953
159.017 19147.6
158.978 13263
161.355 12526.6
176.054 16597.2
168.164 12227.1
208.68 15472.9
171.467 12989.4
151.643 10305.6
180.349 13113.5
151.484 10744.9
147.032 16522.7
160.201 13055.6
190.394 12544.1
158.638 12287.3
189.361 10716.6
204.954 11665.4
171.409 13458.2
151.5 10291
167.937 12143.7
158.831 17368.4
157.424 10747.3
158.603 12476.5
178.136 11653
176.666 12924.9
189.652 18168.5
180.093 11966.6
146.252 13444
209.473 17185.1
304.299 13993.1
148.1 11679.1
153.992 12278.1
151.585 12522
153.202 11936.8
149.712 10032.3
155.788 11971.3

195.348 13639.2
