3.06397 84.1462
2.82265 83.0578
2.69504 89.0908
2.73735 78.5666
2.60556 60.148
2.78893 95.2419
2.62572 81.9484
2.88782 62.3924
2.79103 78.721
2.84783 92.421
2.91988 82.1392
2.8123 82.3636
2.86677 85.7861
2.93751 89.0848
2.91695 78.8471
2.8764 94.7477
5.8923 67.6064
2.91639 84.1469
2.93749 84.0377
2.89432 94.3758
2.93973 87.3687
2.9487 86.8093
3.14184 92.1332
3.08298 92.0904
2.97776 89.0584
2.93744 89.1645
3.07085 86.4148
10.867 65.1628
2.68513 95.8588
2.72076 86.6598
2.74004 93.4087
2.6574 48.2478
2.71549 99.1454
2.67986 86.9796
2.6997 83.3588
2.77276 93.3659
2.69733 83.4371
2.66344 62.0806
2.63534 86.0678
2.71271 89.9399
2.7633 83.3723
2.32553 47.4113
2.74096 79.1232
2.68949 82.9743
2.73842 79.5453
2.64747 63.6166
2.56753 63.6732
2.62858 82.8881
2.75299 82.9151
2.65339 86.1499
2.70214 95.8743
2.65932 76.0793
2.75707 102.48
7.36213 80.2341
6.38787 80.0085
3.92795 92.9904
6.57068 79.9311
3.93094 89.8606
5.6873 68.2216
3.74222 80.1603
3.62298 89.8629
6.30186 93.5355
6.33827 96.2643
2.86629 64.3555
3.58564 86.4558
5.38983 92.313
3.35752 89.4677
6.29573 79.9137
4.03665 80.0735
3.62063 93.1509
6.22264 64.596
14.4198 86.5209
6.14721 95.84
6.17261 86.4284
2.82702 86.6791
8.15633 82.6005
5.91421 82.9749
23.5207 86.4387
2.74958 85.7953
19.256 86.2688
6.22942 86.1675
6.11538 61.0414
10.4798 82.7089
10.4892 86.2037
11.9897 90.0905
7.17723 89.4844
12.7904 62.0051
6.41485 83.1388
6.63566 86.5789
7.1927 83.0314
10.2246 89.8281
10.2543 89.3314
11.7082 89.6708
6.25574 96.1468
6.20808 86.4244
6.19645 62.4918
10.3483 86.7381
7.9969 89.5454
6.33132 89.624
14.8923 64.0299

5.1315 83.0695
