239.319 18328.7
241.058 25465.6
430.549 25081.5
369.814 24577
356.647 22441.9
383.108 24279.7
376.939 25029.5
364.689 24810.7
371.736 25137.4
364.483 23222.7
475.652 15766.5
302.468 15995.7
337.162 26786
241.396 22552.1
370.7 24567.6
243.276 23779.1
309.519 24368.1
232.803 23045.6
248.325 18730.3
244.578 21254.7
319.781 17890.9
237.628 23410.3
218.334 24550.1
351.161 21481.1
246.761 22304.5
257.924 19280.5
258.197 21802.1
262.692 24863.9
238.736 19607.5
225.797 23081.9
236.551 16511.8
211.134 26377.9
273.597 21269.4
318.034 23720.4
249.765 24121.2
233.514 20873.3
274.031 24100.8
295.196 23673
211.129 24973
338.711 22798.9
280.904 23631.9
235.557 22878.8
243.158 23505
335.881 27271.8
208.094 22878.6
335.76 21586.7
251.903 25653.5
253.786 23218.6
316.545 16626.4
252.56 19560.3
266.508 21203.3
318.261 22430.7
231.594 26004.5
258.405 17394.5
230.709 25232.9
281.047 18158.2
243.936 21873.1
255.387 21835.7
199.38 24872.9
228.195 23943.4
272.904 18203.5
262.36 24018.7
317.819 23976.7
239.909 25281.7
210.84 25166.4
225.81 25330.4
294.947 24583.8
265.127 22743.4
210.632 26246.7
223.238 23624.6
223.837 21962.3
220.964 22812.8
249.489 24399.7
304.742 24179.5
316.537 23573
225.223 21689.6
228.525 21446
243.678 21950.5
249.302 17457.6
224.896 21596.7
256.114 23432.2
232.048 22647.1
256.104 25051.2
227.95 24029.3
199.655 28875.7
230.781 23232
256.492 20738.5
240.525 23385.2
242.15 23974
246.424 25838.7
201.412 27138.9
320.875 25158.5
234.412 24062.3
220.17 23952.2
249.167 23211.5
394.209 23795.8
253.162 23457.5
240.152 20488.1
243.003 20382.1
299.967 23710.1

270.46 22884.8
