2132.34 27961.4
2293.22 26607.4
2103.92 27094.9
2216.22 25833.7
2126.58 25361.3
1985.42 24738.5
2034.43 24790.6
2052.84 25051.4
2240.08 27023.2
1493.5 27775.7
2148.59 27300.7
258.646 14954.8
2027.14 27053.8
2010.52 27066.5
2219.17 27101.9
1092.52 18227.1
2010.6 26573.6
2151.69 26536.6
1962.56 26800
2203.69 26447.7
183.659 12198.2
932.188 27001.9
2022.02 26318.1
2171.75 26825.8
2202.28 26842.9
2022.63 26724.6
2029.39 26874.1
2196.61 26051.1
363.99 14796.9
1232.36 26636
2021.89 26544.4
946.097 27277.7
278.33 25331.6
2160.79 26261.5
2002.55 24808.5
2107.41 26553.5
2219.92 27039
1195.8 17408.5
2102.22 26317.3
2233.7 25238.2
2032.67 26850.8
2115.78 26773.6
2152.86 24282
2022.57 26970.9
2037.72 26569.5
238.612 12423.1
1157.23 16430.4
2114.25 24244.9
2085.47 26154.8
1931.05 27170.5
2019.97 24037.9
2201.99 23946.9
1992.84 24705.2
1945.54 23995.6
2074.33 24164.6
2256.66 26219.2
2088.46 24454.3
322.555 16644.1
1931.33 24027
2022.12 23932
2104.91 26042.6
2174.83 26456.4
2039.25 24283.3
1645.98 26249.8
979.62 26493.4
2226.85 23618.7
2067.56 26447.9
2090.1 26327.9
2107.45 23937.8
2085.4 25823.7
1927.44 24825.8
2035.03 26561.6
1183.47 16779.9
2094.76 23946.1
2151 27067.8
1923.87 26121.2
2041.53 24512.1
1213.75 17233.8
1938.73 24694
2017.68 26077.2
1685.35 23659.3
1113.26 16741.7
2019.57 26379.3
2140.88 27325.6
2246.67 27389
2037.93 27924.8
1179.2 26462.2
1205.6 16933.9
2189.27 25955.2
2040.16 27284.8
2086.16 27328.5
1921.64 26616.4
2013.99 26643.1
1670.51 24276.5
2200.12 23932.9
1050.71 16302.7
1994.32 25098.7
2020.38 24643.1
2019.39 24636.1
1999.37 25910.2

1830.17 24622.9
