2.57877 88.5043
1.59395 88.7859
1.69075 84.2544
1.87002 93.2704
1.69988 89.3152
1.63723 77.781
1.45655 89.2739
1.61683 82.5291
1.55065 81.5472
1.65113 85.1843
1.55479 86.1923
1.5047 88.0274
1.58084 83.1154
1.80523 91.8878
9.43297 93.6652
1.74021 92.2488
1.69059 97.164
1.66917 88.9521
4.99293 95.3103
1.72043 85.0928
1.47559 86.4258
1.65344 92.7429
1.54316 90.4609
1.77758 90.5013
1.60375 89.6138
19.8632 91.8375
1.83626 95.0261
1.58155 90.2435
1.72761 83.7619
1.50613 87.4419
3.70557 99.4705
1.74557 90.0722
1.7308 88.7143
1.72638 90.2291
1.75405 92.5336
1.5104 92.6646
1.73243 91.9864
1.67359 90.1606
1.60032 88.2303
1.50662 90.0138
1.49085 81.9338
1.50831 94.6055
1.70171 87.9296
1.80377 92.303
1.79326 86.6699
1.4843 81.2529
1.40648 106.403
41.9349 96.1274
11.6773 91.3062
8.23088 76.5955
7.28228 93.0163
3.24702 83.4511
4.41454 91.0268
4.64806 88.4675
3.14746 85.2986
2.32382 81.3423
2.19672 89.283
2.38978 94.979
4.76315 90.6144
5.38314 94.6225
4.62537 93.2596
2.47517 91.2203
4.63672 90.2513
5.40123 91.5789
4.03866 92.037
3.67837 98.9369
4.90403 98.2239
5.34402 72.4844
5.27637 88.4479
5.28725 97.0732
9.38487 98.7413
13.565 93.6185
9.53928 84.3217
9.53385 79.4368
5.94123 75.5823
19.601 78.9471
20.5834 88.0032
9.78812 106.233
7.81428 89.2244
6.52502 98.6272
6.07522 80.8216
9.9639 95.2778
5.43247 97.3164
5.48707 93.1695
5.30025 91.5759
5.3275 96.6721
5.28417 96.0083
5.74984 96.2448
9.48349 81.2508
5.10156 84.235
5.18746 93.9277
5.35557 105.762
11.3028 92.4914
9.3449 71.1728
28.5647 67.2389
5.03403 84.4401
6.80956 88.1392
11.2454 86.8166
5.41635 90.1417
9.49354 94.0063

5.30022 89.5442
