1724.84 62123.3
1941.87 63246.6
1898.62 63910.4
1901.73 66642.8
1871.46 66056.6
1840.27 65912.3
1874.51 67739.7
3289.67 62685.4
1845.77 65924.8
2208.3 65939.4
2496.62 63050
1726.51 64820.2
2627.72 61398.9
1938.05 66091.4
2080.56 64506.6
460.728 29186.2
2026.93 65316.7
1782.55 63705.6
2721.69 62090.1
1937.66 66092.5
426.6 29308.3
1990.2 63903.6
1800.06 65128.3
1938.94 64470.6
2587.29 62191.3
2276.25 60910.3
2007.68 64828.4
2065 65505.3
1840.39 64178.8
2019.8 64236.4
939.165 27600.1
1711.8 64583.7
1849.88 64857.7
2457.52 63402.2
1928.48 63669.6
1806.29 63613
1979.38 64033.3
1925.61 64303.4
2031 65095.9
1889.48 65746.2
995.883 27948.9
1864.27 65026.5
3446.16 64733.2
2313.15 62936.6
993.168 27065.4
2618.53 64960.4
1909.23 65038.3
968.272 27292.5
1765.41 64333.2
3263.47 65575.3
1922.96 65008.5
1892.83 64621.6
1868.08 64427.9
1878.1 65644.5
1875.36 66441
1736.8 64097
1893.68 64793.3
1965.8 65006.5
2017.33 65264.5
1900.86 64725.8
1945.23 64684.5
1942.37 64702.8
1914.98 64357.9
1718.38 64566.7
833.588 65083.7
1752.69 64520.3
1993.32 64938.7
1638.04 65686.2
1918.69 64199.8
2480.9 61815.9
1987.41 64056.8
2029.27 64593
1902.84 64154.8
1950.6 64166.3
1886.8 66057.2
1899.98 64308.8
908.217 61221
1926.41 65993.3
2180.56 63894.6
1992.12 64372.8
1924.34 66010.6
2086.57 65351.6
2059.16 65068.2
1960.02 65069.8
1876.44 65511
1886.55 64977.3
2536.7 63003.1
1880.84 67700.5
1998.99 65052.5
2089.34 65619.3
1764.55 66465.6
1921.13 66350.2
1923.91 65230.5
2054.48 65838.9
1887.85 65457.8
761.606 62341.3
796.839 28340.6
2520.56 65405.2
1886.45 65931.5
1886.59 66172.6

1912.62 62112.2
