11.044 435.744
20.4007 389.527
14.9594 459.744
20.2633 452.296
11.6123 434.185
12.0698 361.774
14.9851 471.806
15.0863 429.891
19.9071 397.824
8.88186 363.498
8.94477 501.434
14.8836 473.408
14.4836 390.471
12.6047 492.319
12.8532 502.497
8.04522 485.647
22.8758 472.652
10.2331 379.079
24.896 470.727
20.5309 405.589
11.8596 517.301
24.524 409.684
21.8259 528.632
8.74713 411.541
26.0085 444.134
9.18144 445.299
13.2168 407.264
25.2248 442.696
11.7824 464.093
23.4513 416.56
23.9916 480.029
24.3804 457.687
27.1894 476.007
16.4841 531.058
22.7241 459.545
118.86 558.556
21.1575 525.39
16.6276 421.894
11.0965 518.299
19.4143 505.889
17.176 482.737
16.3717 434.982
23.629 441.109
14.3945 537.534
13.0337 482.282
15.3069 546.748
22.4462 487.848
17.7537 537.576
17.272 440.037
17.7145 435.959
12.5551 537.296
21.8183 481.844
159.845 558.884
27.9596 485.558
23.2966 542.42
20.7535 448.601
15.9925 541.339
21.7775 483.331
11.3872 481.161
11.0758 475.968
28.8424 505.441
19.8531 509.252
13.1072 539.277
15.0127 563.351
15.2561 511.699
14.3353 560.066
11.5093 559.909
54.764 479.163
20.9115 529.826
15.2866 528.611
10.5619 542.405
16.8972 534.881
11.2563 550.966
20.0262 437.135
25.7081 475.365
29.4658 475.937
45.4181 477.533
78.0802 451.413
19.083 515.337
20.2418 513.064
9.99283 408.464
21.1689 487.434
15.5501 482.341
23.1569 483.654
20.0759 531.092
44.1483 518.239
15.638 406.99
24.1805 437.92
30.8283 480.921
10.1778 545.482
10.6655 489.846
9.35121 479.817
115.905 464.252
36.3155 502.115
11.8377 531.398
21.0443 433.861
10.4276 546.991
17.1172 507.394
16.7654 508.225
21.7364 477.899

22.5057 480.398
