229.696 27915.7
462.456 31308.6
441.284 32169.4
312.04 32812.1
308.315 31121.6
300.011 29583.2
162.279 29987.6
298.508 28369.6
153.971 32222.7
284.903 30670.2
302.833 30206.9
176.546 28387.2
462.66 27656.2
288.252 31665.3
182.185 28305.9
309.198 32525.7
194.48 27859
171.994 29240
294.084 28758
162.535 32157.6
205.506 29955.1
260.276 28818.3
203.586 28747.5
150.811 28584.2
300.375 32663.8
323.466 32682.6
200.146 29701.9
170.959 30317.9
251.278 28531.9
210.37 29432.9
179.171 32548.3
317.818 30144.6
161.619 28198.4
210.615 30449.2
265.334 29826.1
159.392 31400.5
318.451 28834.2
170.981 29426.1
185.41 28545.6
264.439 27540
156.83 28900.3
154.28 29394.2
339.851 30192
158.11 28033.4
221.795 29137.1
256.686 28915.6
151.647 28948.7
316.845 28640.6
251.002 27954.8
248.416 28981.7
232.981 30450.6
157.284 29399.1
319.367 28056.4
172.191 28618.7
164.128 30091.6
203.652 31433.8
248.55 30239.6
155.771 29271.7
156.456 29461.2
309.04 28947.4
195.877 28039.8
201.105 31765.9
282.621 28963.2
166.929 28660.4
167.668 29313.8
209.624 27901.3
250.494 30318.4
161.655 30458.7
164 28420.9
164.037 30301.3
228.359 30077.1
232.384 30070.7
161.997 27190.2
169.017 29705.8
161.593 31479
180.167 27899.1
304.422 29879.5
163.875 31120.1
159.937 29071.8
163.526 28262.5
180.625 28118.8
262.683 31214
191.223 31349.6
157.711 30665.6
166.843 32746.8
294.094 27462.8
166.884 33765.7
153.703 28837.1
181.541 30749.3
203.678 27116.8
250.338 28181.2
163.277 29333.9
164.992 29482.3
173.088 28129.5
282.336 31373.6
169.265 29181.8
319.219 31904
164.717 29353.3
290.56 27868
167.025 29058.9

223.762 29691.3
