95.3485 13806.5
94.3235 14049
103.596 14401.9
254.603 13126.1
184.004 16851.6
173.955 15250
174.705 13138.7
104.123 15274.6
199.48 15183.2
283.898 14381.9
107.233 16322.5
125.435 14540.8
170.859 12598.9
121.09 14357.6
102.836 14959.3
126.226 13957.6
273.11 13594.9
106.492 13298.9
161.324 13424.8
100.707 13536.6
102.825 14464.9
101.121 14903.8
170.203 13890.8
95.0066 12864.7
104.589 13198.4
144.637 14061.8
112.772 13181.8
104.377 14850.3
101.042 14134.1
133.179 13156.6
121.312 14640.8
161.963 15547.9
131.147 14059.3
113.024 14962.5
113.531 14474.9
228.776 14594.3
151.563 13807.4
101.966 13133.1
97.1341 13727.7
107.623 13538.1
107.205 15030.7
158.901 14273.6
123.283 13682.1
98.7034 15974.8
98.2956 15285.3
121.642 13844.5
143.941 14318.5
98.5406 15392
99.2158 14016.6
110.781 15093.3
106.268 11299.9
279.123 13858.3
92.8264 14967.3
123.057 12239.2
162.233 14178.6
112.093 13545.4
110.224 14910.1
132.478 11342
128.015 13436.9
105.093 14242.5
99.2176 14681.6
99.2452 12902.7
150.643 13873.8
129.33 15173.7
110.224 14663.5
117.256 15767.6
99.6496 13648.2
98.0866 14142.4
103.044 13450.4
140.396 12461.6
97.8617 13369.9
203.32 13178
98.5733 13692.5
94.4065 13059
107.062 13391.5
119.099 14243
113.805 13830.1
120.75 13561.1
127.217 14076
110.77 13747.3
97.027 14010.7
101.83 13696
94.7904 13358.9
114.745 13716.8
146.708 12663.7
96.4046 14350.6
102.569 14092.1
97.1453 13301.4
100.703 13727
147.058 12966.2
122.672 13577
103.897 14256
98.6152 13963.1
120.599 14121
175.39 14345.6
97.7677 13650.3
119.033 13844.6
159.437 14847.4
92.4999 13660.6
96.2504 14959

126.982 14022
