213.857 11998.2
164.111 18116.8
264.19 14154.2
231.681 14667.6
154.205 12632
212.101 14281.9
252.756 13265.9
208.641 14192
228.336 12613.3
194.549 14626.8
210.592 12986.5
190.278 17402.7
185.773 16737.7
180.517 14540.3
173.59 17014.7
203.727 15718.9
174.37 13344.2
216.49 10395.7
181.276 14007
232.259 10959.2
215.422 12500.5
166.999 16124.3
176.489 16867.2
183.884 15138.4
201.2 12994.6
199.472 13152.9
179.431 13309.7
258.687 11509.4
174.597 13015.2
229.689 10398.9
224.584 11411
169.92 17708
175.707 11304.3
208.225 12834.1
208.632 11715.1
170.754 17489.1
233.208 14539.5
183.041 12180.3
174.71 9727.31
192.204 14600.2
219.321 14115.7
210.321 11531.6
158.551 16294.5
207.773 10856.7
206.196 11155.1
161.357 14519.7
177.534 17370.7
222.211 13684.8
173.439 13734
240.575 14078.5
158.206 11598.7
158.667 13866.5
169.017 15118.6
189.321 22799.1
192.757 13951.6
185.883 15081.7
245.871 13951.7
215.54 12590.2
201.55 13693
278.346 11112.1
222.525 13038
187.653 13370
160.519 15945.5
242.291 12025.3
200.431 10144.8
165.686 12639.9
162.029 16393.7
182.181 14279.3
201.744 12299.8
206.248 12243.6
149.279 10669.2
210.604 11431.4
185.434 14252
227.621 13132.6
162.608 15453.2
204.408 11620.8
214.942 12184.6
165.551 13068.8
253.077 11461.5
170.174 14426.1
166.052 13342.4
202.56 11061.6
209.107 16892.4
180.698 12341.5
219.132 10235
221.617 13999.3
235.305 11272.4
159.367 17348.4
167.4 15886.2
187.051 11506.7
190.586 13660.1
174.093 14497.2
167.386 16125.3
213.991 11037.8
165.331 12817.1
168.271 15754.5
308.094 10139.5
175.944 13650.7
167.41 13640.9
152.781 16961.8

196.798 13655.3
