62.484 4515.32
64.2664 4640.55
95.841 2952.85
62.9321 3423.74
91.1436 3424.63
67.3377 4976.49
140.595 3978.74
92.3775 4998.75
121.818 3329.13
69.6809 4678.91
59.0549 5179.18
74.7087 3936.04
64.8566 5000.44
131.574 3638
92.269 3261.77
79.5527 4476.46
62.8803 4780.91
59.1062 3426.15
98.8448 3990.95
58.4594 4369.13
56.5745 3663.1
59.0603 4877.6
158.697 3382.05
77.4484 5050.33
69.854 4324.8
65.0662 3930.27
88.1336 4477.08
58.6453 4788.31
87.8234 3416.98
78.5603 3531.79
62.0994 4719.47
68.8495 5660.27
94.0819 4468.88
52.7419 4766.88
63.457 4148.55
99.4676 3012.92
84.6419 4262.71
58.1308 3519.73
74.5858 3684.84
62.8964 3633.1
57.0377 3830.28
60.124 4891.52
80.3479 3310.12
80.3106 3857.64
79.0428 3410.92
55.2998 4509.94
55.7227 3752.92
88.9436 3652.24
64.9972 3840.32
61.89 4618.89
108.427 3201.92
75.7856 4284.24
56.5201 4245.38
137.269 3278.2
67.3912 4601.8
59.8238 4788.7
61.9444 4250.91
64.4325 3831.86
53.5729 4272.98
562.319 3279
79.7455 3628.86
64.659 4312.13
89.2346 4207.13
588.52 3551.19
65.4527 4627.65
54.4551 5511.85
52.6446 4901.42
66.0544 3763.73
525.652 3190.16
75.666 4686.78
108.274 3380.28
58.1152 4637.08
60.6879 3816.05
57.8424 3840.73
62.5043 3756.27
58.7201 4571.25
52.042 5002.47
75.6923 3710.31
203.678 3884.32
71.2772 3905.2
69.6646 3141.43
94.7759 3264.34
443.88 3696.21
48.1537 3847.56
58.0388 5020.11
56.6491 4566.18
60.2027 5286.98
74.5235 4299.22
81.9204 4112.74
56.8638 5395.9
58.1204 4740.79
76.7234 4161.26
60.8523 5097.38
52.3032 3993.84
62.2276 4941
110.496 4255.65
59.1244 4913.77
74.2238 4883.95
107.241 3951.98
112.791 3670.99

93.9149 4161.34
